2158
29.43339946	27.46301382
26.5432627	30.40726659
29.21263311	29.43771778
32.17961326	32.28990488
30.08986142	32.61833433
31.19107526	29.78609052
33.11266022	30.64092906
28.21145774	28.17082746
32.53138462	26.15494474
28.89193611	31.63231748
27.67117602	28.38999732
29.67538639	30.85574755
28.36311738	31.73900335
27.18686564	32.19331317
29.68373352	31.763124
30.79851045	31.57463646
33.35373936	31.36828136
31.38085184	28.27844106
23.3723327	32.75160991
26.78202084	31.63901019
27.50524382	27.07698488
33.37018446	33.21372335
29.94118915	33.02653461
31.60792345	30.3244566
26.95822407	36.08973126
31.5797641	28.08258133
29.17350908	29.278798
31.88340726	28.88790683
29.37997721	28.20547902
32.58240503	27.62398637
31.76877401	31.32940673
29.01357883	26.96116279
26.60776505	29.56732739
25.45501812	27.98536933
27.61408228	29.64931365
27.20420191	30.76217115
35.8257449	30.96937408
25.80753437	34.46927916
31.80346408	29.76579327
28.41168204	32.74067027
32.64387117	31.54834392
30.46099385	30.97060854
26.31519077	30.41931474
32.00301837	28.2417099
28.80538975	29.74444769
27.76002752	31.96762508
31.96154689	33.01461144
26.89392239	29.23418023
26.67157836	27.2475241
28.17748414	35.06547944
31.31270484	26.9189109
30.15094241	28.7268887
34.373265	32.40688205
29.06810423	31.59606754
29.8274299	32.99069766
31.62436452	30.10442198
29.70660707	33.40258305
26.1772728	29.90094069
29.67909689	30.33079197
31.5095586	33.34932586
31.56143205	27.4363628
26.02747425	26.33603787
32.18150261	30.20133401
33.77125208	28.32273925
30.13005243	26.05838287
27.55344197	29.79035144
29.8577063	29.49715699
33.97078366	31.10480793
30.61089946	30.62826789
32.30553372	33.10237836
28.22990029	27.66089614
29.24348692	27.61245384
31.22374535	31.51483405
28.96231456	27.9521955
31.34679128	29.32769697
29.12027933	33.46263656
31.06784246	31.18017334
31.34304777	32.58244738
28.1212534	33.56879609
32.15511597	29.08170282
28.31979648	30.96535644
30.47577607	31.46451684
31.10767416	30.12937734
28.96450385	29.23585827
29.62286623	29.37489362
28.48321568	30.31485897
30.59120021	33.28961874
29.18508941	31.29230504
27.6909599	29.92798506
27.33592912	29.72802344
25.44850585	27.33696733
27.40710118	28.67335991
29.79258325	30.53608756
26.55559142	28.95904361
28.63921378	31.01954044
29.44773834	29.33014754
31.27832278	27.74075008
29.87329309	31.82528588
30.23890211	31.02933378
29.92900886	34.93830168
32.80928733	30.5206712
29.81380301	32.26946169
28.37691895	31.58311999
27.48762531	28.740879
30.33915677	28.7865976
30.98096095	29.62380784
26.94697485	30.21426537
29.13909965	28.70403261
30.13523546	26.13092123
33.07320049	30.4291701
28.95300699	32.76058053
29.57069184	31.56573131
27.84692474	30.15640832
29.35735676	27.11501508
31.30398602	30.93303735
31.83303091	27.0811006
27.63103263	31.87182123
28.0863226	31.29965473
31.42831647	32.47449247
31.10432983	32.26479836
31.64190976	28.33184011
30.82302544	30.72220756
29.22542439	29.9859685
27.29982267	28.7676175
31.15968601	31.78324373
32.07447041	29.69026162
27.32919548	27.67551116
29.87979725	28.68116892
29.57165649	27.44528799
31.67244764	30.18239545
30.29291045	28.00918061
29.82435812	30.42735185
30.99053998	28.74947728
30.52789763	29.25583403
29.43440327	26.64184404
31.07363381	30.68755889
32.54900929	33.7661497
33.61396689	32.01933922
27.38921875	27.83934983
26.03564042	28.73072847
29.38797782	27.87965919
29.74407944	32.09444736
32.32666089	26.61191961
30.61176888	30.92569567
27.72536198	31.88048587
33.95883862	31.27094366
29.42473631	30.11045612
29.86132626	30.03169326
29.40530234	31.74144733
32.06398573	31.08291693
28.59281954	30.92142804
31.1855674	27.80671966
28.12280132	28.85523607
30.80190336	23.71792941
26.97314389	32.69922483
29.43010993	31.98793393
29.24073991	28.15740308
31.21332611	31.05778597
33.24075085	27.86963653
29.94208641	27.9202109
29.02919006	30.10282709
30.22677218	27.46548776
26.6484211	29.90707475
30.41899599	32.33059706
29.21401361	32.55122638
30.73806502	30.41916268
30.79721737	31.9144624
31.43484667	28.030881
29.91615556	28.91141998
32.00957496	30.6486097
26.69198398	30.21947077
27.31553009	26.90817809
33.07460441	31.73277846
27.4667818	30.13517192
32.48102193	32.27745254
28.25625666	30.05856043
30.85103403	30.92901322
29.37289315	30.74705321
33.11785407	30.98293168
28.52270752	30.0348338
33.63730037	32.90971237
30.0655035	30.80362385
28.48920543	31.1235895
28.52614836	25.94630252
27.89780872	27.75587267
33.06420712	30.03048882
30.2392847	30.8460846
28.06711684	31.14852583
30.28987764	28.44672912
30.35693294	32.52309532
30.14467981	27.21549616
29.35297151	33.03227373
32.01192879	31.34314689
29.34788566	30.87428134
29.94494566	28.13787553
30.83087874	31.05687835
31.71599192	30.78551296
30.81851812	28.04550228
30.83180563	28.90424326
33.75128536	32.85056416
31.97835618	28.31798069
35.83255217	30.55130049
30.83406895	28.49027784
25.82959191	33.19482425
27.83201095	30.2799702
30.63505051	28.18306151
30.48317348	27.66735791
27.4448543	30.57227632
28.96417287	25.95755047
30.78150176	28.74197528
32.91845456	27.2102473
30.95392579	32.01938334
32.70673485	29.78971386
31.4297154	31.80269975
28.76412516	26.55465585
27.62938146	31.77231341
29.43745447	28.23631784
31.72485333	33.43962991
28.26366821	28.24218884
32.62246745	30.54908586
29.94294478	28.94485148
28.56192798	29.79267051
29.67801178	27.36676944
32.13273238	29.81853143
26.78553448	28.53201605
32.22094002	27.90444562
33.85138354	30.67718764
32.13122396	28.98973439
32.68315296	30.04556946
30.04854161	31.6807534
31.21357348	29.55911834
29.10845854	28.89391284
29.79115827	27.26877608
32.67409412	32.08870726
28.90815933	26.8360568
33.38610954	31.69277355
34.62023839	29.64291972
32.67366692	30.70722987
29.86784864	25.66451017
24.84272094	30.90885123
30.43236943	30.81157633
32.65182291	31.11658216
29.0155933	32.42834848
27.55249875	28.61749118
29.43169018	23.97420695
35.0340202	28.66103479
30.27928016	29.07701258
29.6825488	33.40917931
27.17435609	30.27311871
32.60311405	31.50439575
28.17862058	30.73193225
29.18305821	29.77377251
29.66050823	28.70665137
34.96214137	27.53751091
29.15547278	34.32238734
27.65663208	27.15015746
29.78167958	30.62766746
28.54594434	31.79080283
28.15749895	28.76402079
32.61697842	30.82722855
30.31052379	27.71109623
26.30683406	29.87373114
27.65920756	33.71138247
33.63601191	32.13138517
27.81419779	28.13311288
27.80288663	33.37238138
30.28097335	28.07459568
31.87850309	32.91673063
26.95245643	26.23078226
28.37723138	27.553986
29.40579416	31.95391628
33.31817824	34.11861312
30.61007725	32.47966541
31.08118752	28.79697566
31.5649834	28.66943169
28.48373664	30.18341915
31.72018284	31.80950598
30.69724721	29.2890613
31.4536226	30.72474391
30.56021695	29.50766614
30.19334396	28.76956262
27.12416083	29.80924009
29.83471547	30.0391935
30.2843832	31.31096249
29.2291129	31.13339808
28.59688033	30.53673279
29.65557209	32.40210297
26.74444134	30.44279738
35.68941573	29.39127161
28.32313751	34.52412448
28.04370124	29.66571617
26.07447564	30.94845353
24.62070524	28.84457378
29.44667403	28.25660232
31.10422396	29.74955682
31.34559326	32.6609418
27.81470171	30.88205533
30.91886053	27.57522377
29.15284443	29.21378921
28.42947202	29.99921292
31.41379926	30.51260295
27.96080041	32.91438365
25.76828229	31.37980748
29.97638876	29.48974519
29.13417868	29.52058976
28.69319459	31.01122208
28.16011509	30.47720581
25.03998436	30.2993436
29.48543897	30.65685703
29.20946438	25.2524955
29.83713725	29.81332695
28.23975814	31.44003483
29.54501643	28.54785704
31.79399512	28.62740931
31.93208738	28.53305265
30.67158449	30.05001209
29.48555494	34.06365831
32.29935819	30.52506171
28.54006973	26.92682037
33.28856639	29.28317632
30.3312965	25.40085662
31.2433461	28.8095886
29.44762985	28.08695019
30.09082638	31.8946201
31.65239054	27.63045345
32.02499958	31.13761873
30.86932556	29.91943234
32.65242648	33.78718017
28.07729156	32.59406273
30.68954725	28.49794261
29.57407113	32.62934685
29.83105389	28.45401285
29.56320266	32.41368568
32.27815006	30.69194763
28.78045315	30.25072229
27.51701421	33.34601341
30.93165613	29.07440258
27.27723684	29.53050264
27.92686487	30.19146517
32.97738628	28.21302555
32.22149791	32.38229611
26.89662978	32.61792793
30.66812347	32.04023737
25.46405373	33.66217797
29.15230353	31.45876443
31.69821715	28.76811342
30.4978108	33.00603225
28.42081588	28.92426547
32.87057082	33.03307237
28.15525519	30.55451282
28.30636607	31.2799589
28.47817838	34.04209716
32.77045692	33.2337753
26.88647954	29.59944551
28.14202413	27.49632085
29.15377456	30.99233797
29.72539269	24.14136822
29.59949228	27.51257715
31.84441957	28.92265089
31.39086431	29.57929621
30.29990258	26.8373572
29.19660532	31.24518604
26.68858344	28.5938884
33.28497028	27.33645279
31.99352526	31.62094828
30.43967994	29.0487704
28.44853296	28.47649813
29.34825367	32.48361971
27.56562655	34.31125143
31.30877075	28.15629262
30.44512611	30.74504275
26.90624419	29.1084733
32.43974729	30.32769064
29.29577805	27.59905495
29.705382	24.863572
28.56251698	29.07247206
30.52442456	34.32267398
30.82172812	31.44662195
29.18052163	31.75626694
32.01185215	31.61280543
29.04843533	27.514794
29.6410655	26.24845301
26.86384505	28.65955733
28.22297805	29.09425974
29.91232203	27.99576721
28.5695808	28.92966396
30.40507751	31.81212067
30.16978523	31.95108643
29.39033908	33.52169498
31.60050362	30.88133984
32.12382385	27.28219555
33.12406245	31.91179826
27.9613369	28.98162318
29.39133088	28.89426654
27.92978458	27.17300459
31.63732385	27.69674817
28.25335841	34.43757097
32.67228878	30.36023515
31.3220368	31.57756367
29.23777769	32.41254618
29.22535338	30.97049384
31.88165717	31.77606645
29.86440153	30.81022342
30.9515842	29.32284115
30.15766871	33.19341607
29.59818518	34.54422104
30.19239419	31.5606365
30.82886526	33.77312172
31.25376936	31.43399915
27.80790878	25.4295123
34.41593883	35.19570691
26.93177325	29.08027884
29.23252464	30.39989932
32.34700088	28.97379248
29.40579069	29.22004436
29.07812164	26.55745315
30.93906885	30.78384915
30.18661475	30.60133293
27.91265943	26.21765016
31.18986614	30.30331691
29.38053624	28.92229691
30.09408964	31.03497625
27.79960954	32.39991108
32.92570908	28.83676627
25.64746259	30.48388556
30.900614	32.6398109
32.86866507	30.79981479
26.36382231	28.7871941
30.03493915	25.07989598
30.69038134	29.75297579
30.50332947	29.03216883
28.68509699	28.3181423
33.04150001	29.31020827
32.21787895	29.73355931
29.40600742	29.89052422
29.46536948	27.19926168
29.35351654	33.68238694
31.74844395	28.45790671
34.17799468	32.07527231
30.76767581	29.62779656
33.48437641	29.98084293
31.87406033	31.1937088
32.59521259	29.92311163
29.14542524	34.31557706
29.55102652	29.70928153
30.0980759	29.41633846
29.91583668	30.84097577
31.40987803	33.79521871
29.34701562	30.36795751
32.00624135	31.06555009
30.53244327	32.04888885
29.06332594	30.84508492
28.9165732	31.25817626
30.41975553	27.77649068
29.53235171	27.04143158
31.2141403	30.98584011
27.36670017	33.32096435
31.55546635	33.14701742
28.66511156	26.55118508
33.84104776	27.86839005
28.9538582	29.35190225
29.03104748	31.39805165
29.57129115	29.64992624
30.41850341	30.41659984
28.39963136	27.31826855
28.15762546	31.92558661
28.7603097	33.3541941
29.95782585	30.56416179
29.255368	29.24403274
31.51315177	29.3203009
30.22513694	33.48684939
28.20860797	26.89334409
27.89705829	34.14395935
25.62923963	29.971872
31.53616015	30.42278573
28.24476669	30.65344684
29.82224416	32.3934869
32.5145478	29.86963949
32.38926835	29.54236874
32.47464708	27.63133744
30.29393257	28.38430107
30.82929166	31.13064248
26.65565506	31.17532081
31.21253323	31.54716521
28.6920361	27.8705443
28.80430812	32.05838304
28.49025448	27.82799013
28.85291018	29.16155322
29.17297779	30.77404726
29.57838186	28.77314746
30.04919137	32.14099883
29.56098504	32.2677706
33.76913625	26.42979477
31.483099	29.98885433
29.56981129	29.66602149
33.65944874	29.60628596
29.93308269	28.25464817
30.41425793	25.79810887
27.2892243	32.69198337
28.9939397	29.2165366
28.4018371	29.37127162
29.92643273	31.70940504
32.26814723	32.67396741
31.67325016	31.0428463
26.51715742	29.96210709
29.23217226	31.56133299
28.69026263	26.80134901
29.01714831	27.73628073
29.35160241	29.6714446
30.06616957	28.79065042
35.15368538	25.46826905
29.86319511	31.6222966
29.94886488	30.83393676
30.1293826	32.52359883
28.35611907	32.33329192
28.20716165	28.82639238
30.24408958	30.96644642
28.81819958	27.46899336
28.58449433	27.31556361
35.25465432	28.63011968
32.07638135	31.06096128
29.98379977	33.33906267
35.21095502	28.00956887
29.7242371	30.56499337
26.2289242	30.70141296
32.03772186	28.56494913
25.47403372	32.17725602
29.09368865	31.77658799
29.06696212	31.96093193
34.21704417	33.91065939
30.85180439	27.53583174
28.75647523	30.17566085
33.33614506	30.95499881
28.0322779	31.5108768
29.66631383	33.33310544
31.02287844	29.53234539
28.71528577	27.60396656
31.28440582	28.09367955
28.86837758	31.47238971
31.76673549	28.63549991
26.95782967	30.39466422
32.89149442	31.04149511
32.11901219	24.85949925
27.1649489	31.45346456
28.78991695	31.80421984
30.90491568	31.94465713
29.72050263	31.09916749
30.21953993	31.30485393
31.38321861	31.69732659
28.6995555	29.13027607
30.61023543	27.96008989
29.42787187	28.76423255
28.69907566	31.80832403
33.16437675	30.34490071
30.70516365	31.70707713
30.51213201	28.49694985
28.86366598	30.54806757
29.87071875	28.53617002
28.76134641	25.56497033
29.671515	34.75244231
33.51777099	30.10854739
27.61221414	28.20659473
29.12648585	30.46471882
29.3661843	26.40091556
28.44574946	34.30317296
29.94654745	29.64836488
30.81079746	29.00069497
31.45410877	31.71008551
28.8271262	29.46886655
32.81996861	30.80395155
27.10514867	27.8264995
29.91258227	29.07129277
29.11684625	33.81672153
30.79599863	26.79739438
31.17984857	33.76778467
29.35321861	32.60337229
30.34005421	32.86817645
32.99739163	31.8864576
32.35828753	29.12510676
29.11962431	28.52940008
31.81239968	29.18940773
30.39315931	34.57329731
29.83860847	29.66957111
27.77934186	26.40954031
28.08605358	28.85697461
28.09044007	28.4407209
26.44323431	31.29343591
26.67563285	34.1605833
29.5899581	29.1236734
29.33560667	30.34885197
32.76818961	27.52857488
30.37591933	27.775668
31.34076692	31.49128864
24.25245885	30.08969414
27.27563304	29.98520603
26.99198518	32.56130479
27.87773582	27.97027526
29.82110943	29.5968197
30.40576685	31.5818475
30.07014263	30.30228571
27.53760173	29.67022582
27.26084962	30.74052
29.35037204	30.78731433
33.72107482	30.16787031
28.91690877	30.23385028
28.09609984	26.34494171
28.17719501	33.25312834
27.85223922	25.44639414
30.06528467	34.60829525
28.8009427	30.64633987
30.95892971	28.27458593
29.53649509	28.43713462
30.90511173	26.42924217
27.77560882	30.95413336
29.08017818	31.72594728
28.6543329	32.97627778
29.55281913	29.14287323
25.13430931	31.41240695
27.95843769	31.68189527
28.6031038	30.41227773
30.9257852	27.92815851
33.04790191	30.21765
32.19140146	29.98051887
28.37156919	29.28609806
28.0570908	29.73854991
30.84794586	30.47138039
31.01245676	28.11439177
29.82749798	30.13341241
31.6651408	28.59269599
30.66443257	29.54642753
26.89542808	32.25377148
29.87274695	31.49407257
33.98434259	28.68676057
32.64348519	31.85769759
29.78660768	27.03737891
33.0570158	30.03922346
25.91174979	31.08212624
32.32216827	30.51333306
26.45651109	30.46596375
30.78368261	31.06969532
31.93685575	31.67581918
30.77275943	31.46763427
32.42725109	31.18298801
27.82958564	30.22312787
28.53525469	30.56049787
29.3427343	29.7033672
31.70302928	30.0823256
29.92056063	27.97257713
30.14228509	34.08909545
28.1555853	30.93846836
29.18121828	28.80585718
28.33340966	29.91700295
28.98587316	28.67628206
28.62871098	33.65535039
32.81925531	30.83346824
31.50547997	31.4241655
24.94415663	31.43062547
29.13926098	33.69755521
28.30595927	28.44342101
30.60196071	27.48173864
32.74699838	32.36297493
29.19537684	27.50738753
30.32819272	28.88711079
31.48146836	30.77827674
30.80055032	30.05595852
26.71689955	29.66851715
31.35165671	32.66123935
28.11105907	29.83272906
31.23248276	28.11012331
28.60748873	27.76180052
31.52871594	26.83952762
32.74678406	30.14526006
26.87675649	29.91928306
30.80365322	30.97085019
31.85991455	27.89374154
28.33741164	28.66366036
31.53333864	31.46893203
29.34347243	29.87922676
28.17314791	29.94168102
29.18360901	32.06833094
32.49257707	27.03335916
30.68062767	28.81631231
29.82493942	32.50267083
31.2956472	29.23874036
29.28840563	32.22282625
27.55291296	25.97598021
29.35771996	33.05997306
28.27020595	31.93546596
32.18180508	30.72446817
28.68073082	29.39627409
31.10292673	28.17889236
30.27843262	32.09055201
29.88262219	28.97686783
30.3614126	31.82297522
33.29523384	30.9420708
29.04517993	32.97084204
28.75688598	29.87689274
30.06575369	32.86950157
28.55619637	32.54183025
27.85680054	31.56849523
30.82220848	28.01908653
32.04967208	29.68294875
32.59085074	27.8072644
32.73004137	31.69566076
28.03537736	31.12211455
26.75538571	29.78250988
32.04368824	31.45984431
28.3668396	27.31931412
30.8566212	32.97243858
29.10586162	27.30717201
27.27639088	31.8238063
28.51847244	29.93271022
31.45910606	29.47929059
33.09228634	31.15941726
28.08292165	31.15276615
29.3483216	33.13649236
29.77161247	28.8895546
29.99826101	30.80008956
31.09044061	31.25947963
29.48436729	27.84605315
26.95654489	29.16656275
28.56282564	29.09139793
28.73434245	34.04981357
28.78352049	30.35803445
33.55190758	31.43724644
23.51193748	26.09050898
32.57229127	29.26529298
32.32386137	32.64771173
34.28995514	32.17616234
29.92634959	29.97052904
29.70340594	28.25220842
29.12015431	27.15033918
32.61962134	27.39253876
27.65406288	30.60652378
28.28791035	31.98356083
31.18728662	31.45857442
29.66497369	26.12485037
30.26695996	30.2168571
30.30859369	29.1473196
30.90366492	28.79851533
34.16664139	32.85567121
32.21205471	30.50664715
28.11989929	30.72742069
30.15929486	26.41330505
24.51678834	31.8280015
27.57283145	31.2055864
30.01795037	29.90947119
30.76995001	30.00784928
30.21347632	27.63641523
30.17184422	30.99306066
26.49616125	30.41648858
29.95055855	30.69575774
29.8884779	32.38350915
31.76260846	30.62026274
31.91110341	28.53787497
33.09033155	30.00253739
29.92713631	30.55791776
29.75166713	29.37013639
31.09471363	30.4639036
28.49316751	30.45699629
31.27439738	28.1024576
30.03674814	29.7073581
32.32669817	29.93684531
28.01928068	28.75679407
26.97772334	30.64666359
31.65966449	29.69124277
25.42899655	27.04326557
29.27776529	32.41734086
30.38728363	29.95578376
30.86181629	27.72704345
30.7908084	31.0079374
28.20994046	31.21353154
28.93329365	30.73819715
30.18165019	30.19713145
32.55678024	31.60326946
29.88697176	27.94477164
28.69497477	31.99097139
27.85173907	33.43988297
30.73994118	30.58065742
32.07354988	28.26933592
30.82691143	29.71781716
29.93531513	26.5420717
30.44911923	32.25928149
28.16638336	28.72265762
29.53207543	33.80323512
29.80127961	32.11724567
28.83967717	28.33932176
33.12890667	31.93372666
29.44408907	27.67287949
28.08404903	33.72967312
30.46349704	30.80172085
30.904497	29.40678553
33.65410026	30.76501716
29.57901212	30.50282701
32.34441852	31.14724897
31.59020986	30.47410666
27.58046835	29.44705839
32.25860055	32.41698992
30.43163108	29.21986909
32.81204828	28.96415137
30.61811901	30.28903119
31.33223307	25.49530084
29.70970436	28.11223619
33.56440951	29.28891981
29.63958137	31.00317829
31.51805514	29.16406097
29.00086102	31.6599159
29.07468026	28.59430686
31.46283184	27.6895959
28.88178135	33.25229229
26.47448307	33.41706197
27.77928988	27.61074957
27.11094226	33.94111848
29.25864987	28.32308268
32.58699332	31.27683668
31.53829879	34.71371775
29.06011691	33.41707777
28.48914051	29.37826606
30.4491251	29.97133092
26.90138506	28.76173973
29.2384497	31.16892624
32.64598573	27.41417763
29.80795057	32.26491719
32.47457206	30.08383892
29.04907722	34.12085635
29.44603498	28.66917574
28.95736857	28.6452099
29.57826638	26.23278438
29.74156168	28.8797664
27.61727358	32.35221275
32.022034	29.82481795
29.14579845	31.69138459
30.71110042	32.12467215
27.96580539	31.41624669
31.20862757	28.04429277
31.51622331	31.69402598
29.43047502	25.98230003
25.73104754	27.73147575
29.73945847	32.30916094
29.08913949	31.46411179
31.45262202	32.8346469
28.79939635	27.40697624
10.99884585	8.200036045
7.14675963	4.742805818
13.31062231	2.570544121
6.793084558	5.752068124
6.386601375	7.047607723
10.36772613	5.373053186
12.61203747	8.838391038
11.5028273	2.831807044
6.935607633	3.632431462
7.529371513	1.878987019
4.335068529	5.85081853
3.398531649	3.296774491
9.809305688	4.763971157
8.36587567	4.869610473
9.484153526	7.822354311
12.55444282	3.997287684
11.71586691	10.63428811
9.123150157	6.666121567
7.379674607	1.19220234
14.53217596	4.28964259
6.220488011	7.131201746
13.21317493	8.572275064
11.23889062	1.629767682
8.205197492	5.384461572
5.946327961	5.494861185
8.59557879	3.803852439
3.448683484	6.962976938
12.34005773	3.094618431
8.196995185	5.130531122
11.45669862	4.291740351
10.45411515	3.285415294
8.526700934	6.766808563
9.943533271	7.442816412
8.334320468	3.93959522
6.16321645	7.792790932
9.358095348	4.70296516
12.7880546	6.792626126
9.48724335	5.467043667
9.909571496	2.852039738
10.63820232	2.357888119
4.370262296	4.705464348
19.32802746	4.932640105
13.02041743	5.956655294
8.843569114	6.348970548
16.52446685	4.846430063
11.17093207	3.513104585
3.205165812	4.650243101
12.4772842	6.550945449
4.009835597	5.610738962
9.754823169	7.418393372
9.125938162	7.85699575
11.67052492	6.18570139
8.370025066	6.043735419
13.24410428	9.215394599
8.054105153	7.260622176
10.91857099	5.871836086
7.207718453	5.428664019
8.029674686	6.196849264
9.855161532	7.001206535
6.902627011	5.618785738
9.321501171	5.816081631
9.764969383	7.730065052
8.997596821	6.65283437
10.06724492	4.438490236
8.77680373	3.884762204
10.1403809	3.1248023
9.79147918	5.565111354
9.629930066	5.347930548
11.01375863	6.472532821
6.485847897	3.492517717
9.121308902	5.666481936
6.697747311	4.169853487
10.52972078	8.226442436
6.893283137	3.627592152
11.58888784	4.798588992
16.62400412	3.182187795
13.56628695	3.908179668
9.403994883	6.581902507
8.706373703	3.446276935
9.226968406	4.902377983
13.36046124	5.427471275
11.89313654	4.175413419
13.20961836	3.249656837
12.6133473	4.745958718
8.229967208	8.867840043
15.51071142	9.931908143
4.490987807	7.312141488
9.903378595	7.34499019
14.9203854	1.874094589
7.544605322	7.450187245
4.652988944	4.756356884
17.28560264	4.044718952
8.650424637	3.101567411
12.70960564	2.125857524
9.20056112	3.113070671
13.10806421	5.615477637
13.72279895	6.542236479
10.47676555	4.094882231
9.972181567	4.10614754
15.11814713	4.849458784
12.57792648	5.088569483
8.437869579	6.931597001
8.914452218	3.98016
11.63587404	3.194165861
10.12501134	4.604370263
12.1963629	4.494505573
11.20326512	7.291054663
8.355242108	0.006734084
6.979013307	1.97395306
1.230572847	7.161113837
11.19252247	4.860773293
8.093456798	4.486260375
8.886412452	2.681706361
10.40997622	3.586215987
9.524691955	4.280552915
9.90241239	7.624959202
12.79001032	7.618735949
9.588937019	5.190825857
9.861212554	3.123547529
17.57560281	5.221762544
4.116826834	7.685214399
15.2454356	7.268889337
12.59067357	5.87116486
12.61516576	3.996106232
11.05556546	5.620898044
4.15078438	2.244729606
7.674038989	6.214879075
10.97267663	4.080821807
10.69083299	2.993221394
12.98740691	3.209269936
7.199041018	5.363980306
11.1493417	3.022990421
14.57523499	6.860836176
11.85411808	5.801780966
11.41431208	7.956161125
18.05093623	3.060282507
7.558165801	9.270808816
7.70823435	5.382557578
6.011069282	4.202700361
6.760119559	7.388527107
1.572886653	7.542238233
5.352866712	2.25860453
13.68684539	3.081024065
7.25603577	3.024260419
10.57179428	6.808746467
9.320326024	4.638369877
8.724498724	9.234329293
8.614325043	6.714938598
10.69835636	7.779955866
9.516648352	6.682517172
7.750804824	5.807152328
11.3085541	5.786584332
7.49390586	10.15579622
13.49545748	4.541913837
11.39763997	2.972980312
11.55103627	4.396757292
14.25253347	6.493213978
11.3845868	6.416074442
12.17903014	7.132357681
11.08700798	7.833986207
14.85914275	2.61379828
11.13735512	3.647103689
5.231217832	2.981266759
5.869879165	2.674121885
11.76089897	6.192510895
13.72011283	3.76181444
8.054416535	3.581879794
13.1935685	3.890456618
16.4774418	4.84880364
11.64490798	6.673294117
16.32519646	3.468465408
13.4105878	0.784012326
9.544025202	5.651442031
7.700354163	8.686975127
14.7773684	7.957437745
14.96808741	6.90758893
9.682562518	6.824596335
9.914142679	2.05568363
12.58367412	3.17619566
9.184340475	7.750832844
5.785953225	3.311089203
9.128753436	5.913229192
9.6223404	6.924678653
19.9290842	5.431036769
12.66416771	6.59268415
11.99655226	5.314127522
5.483598393	4.17641622
7.889476211	8.163345943
11.78895787	4.973364618
11.87167925	5.909201655
13.53339568	5.341037095
14.32711199	5.568361059
11.78272244	6.068459353
7.057004402	7.813550282
8.991825678	2.245723101
5.409886519	3.920937185
15.3293622	5.376121639
6.843942975	7.115609353
12.35310762	4.701389384
11.53864445	5.846782134
9.581793306	6.566036635
9.193629482	7.523005651
10.06508387	7.179143822
3.937714192	4.07793641
11.19789943	4.403827
12.80887614	2.199204498
6.23273103	2.747548114
13.19323455	6.649459096
7.722287184	7.713881097
11.09131147	4.267007539
13.71743724	3.867101693
12.95645063	3.284632853
10.8156337	3.161336893
11.20593752	6.213044121
11.81501487	1.90661845
7.48480982	8.42874553
12.66829314	2.168329095
10.2711422	3.781835052
10.88957223	5.916230488
10.64656084	4.021602253
9.12815636	6.160072461
14.58212809	10.71974862
7.855465664	5.238784361
7.535774064	5.643844525
14.1113672	6.668435756
7.800384345	3.861331237
12.16615184	5.379253975
6.430396936	1.562427927
10.85586088	5.3469441
10.67868794	8.030338972
9.184245952	4.835976162
15.20957437	4.526334894
13.90102435	7.599301541
10.74660229	6.962404152
11.6039333	4.843135518
6.525000699	7.993665105
9.491084628	2.405278196
15.79282694	2.548957584
11.59375406	5.241966431
4.816821733	4.253635694
10.55194157	5.25539465
6.755293515	4.198392878
12.32609994	4.763456311
14.42971489	3.358768474
11.92399369	9.057949316
9.694961184	6.560788669
9.018021527	3.789077028
13.88089966	6.002068663
9.235253241	1.465854645
10.17436282	7.113088949
9.394983138	8.27993407
7.076014571	10.09920401
10.95690626	7.881149846
16.28108399	3.785556391
15.07816875	6.538818154
10.64710294	5.645271291
11.04073877	3.788195085
9.4654629	3.454596033
10.88790768	8.624288138
9.37794185	2.347437344
8.097528739	5.844753055
9.7573318	6.352902489
13.58479997	2.35394741
17.30591601	1.841661332
12.57468845	5.940985346
10.16409364	2.341399844
8.009337972	5.848011724
4.441966337	6.06916897
12.39076598	5.032402505
11.72256947	3.755325036
11.17852226	5.82321059
9.621309883	1.151796473
14.92731013	4.245102403
6.862498282	5.8189591
6.354546474	4.277861711
10.8925906	6.326919821
14.6374166	3.066558976
9.463314703	1.710222333
9.3508863	6.937864426
3.700163983	4.963721629
16.94085512	6.635738181
6.981748378	2.017036256
11.94690545	3.821515871
8.962815786	7.066251544
9.046672785	6.470477046
8.563847941	7.075611252
10.51017734	1.465254875
12.66309847	3.950724755
4.866693329	5.325845833
8.842065269	3.499644788
16.72243066	5.055296978
14.64815446	2.29235597
6.246239272	6.396066845
12.21074567	8.247481541
16.18404431	7.368132131
11.27789522	3.777976695
8.084216546	6.472517354
6.591972942	5.046607267
5.818091361	5.625841575
9.541654734	7.655020596
9.565957983	4.211387959
1.921908007	3.73574677
9.549594833	4.953849698
11.21066132	1.883183328
11.1279804	6.457052465
12.42489712	5.526774216
11.84844392	3.778237729
12.2701823	6.139227358
10.92053667	3.419775756
4.179263093	0.327129549
13.17183799	7.670019524
6.085117115	1.651143451
11.93863369	4.404933542
12.36138217	4.109978531
11.75083627	2.742759614
10.97027612	5.128044581
9.696887695	6.320637318
5.202829743	6.837193761
3.048404947	6.665777082
11.05777697	5.597213639
13.85216437	5.438533945
12.22214114	5.591203157
11.61773817	2.884896802
6.114194684	5.560045472
13.3884686	5.372388224
9.111573591	7.968370288
10.304338	7.404732135
9.665291789	1.648868228
7.139547537	7.607199379
10.15877603	4.138542858
8.336407154	4.264949536
10.73513068	2.141660186
8.180294815	2.811504385
12.58326061	2.410808408
15.27606182	7.445759788
12.60578736	5.507514072
7.60263219	4.003185604
12.80074131	4.256968365
8.941114872	0.894962141
9.598603904	11.84012735
11.126684	7.596477376
8.36140045	3.644579663
12.526457	4.857117592
9.681716396	4.598648164
11.72383637	6.209086842
10.17339489	7.610838207
11.90572983	4.314802101
5.90766506	5.8756307
13.72569091	2.539376746
12.08679894	3.522336565
8.272483352	4.849723833
10.98513316	4.44471778
15.26350395	4.312488667
8.45072387	5.765514694
9.164171026	6.848210193
9.993126006	6.230571246
12.68705764	6.050231594
8.320984022	3.265489734
11.43489038	7.812662002
5.692502772	5.946420136
7.807050549	4.310478065
15.55397016	4.849467833
14.06654475	6.358847566
5.98351541	6.176173378
13.81881347	4.108257413
10.57402209	6.494947075
8.452078236	3.657159532
6.562552508	3.321753324
9.274437721	5.383088455
8.973199403	0.729314672
7.445958965	9.093049216
9.398596606	7.552824403
17.312011	5.576850707
7.099185141	5.15987588
7.302310338	7.559486936
9.197351129	12.2090522
10.5370616	5.818230312
10.94835721	3.501488253
11.32187636	6.559827923
9.97851359	5.295760996
10.42799788	6.907942432
6.998490716	4.171732599
11.62950223	1.773988134
9.293593878	4.369951012
13.07353342	3.010816877
11.85509519	4.529323714
10.49703145	5.372982846
7.93710374	0.99521701
4.083241859	7.518613573
13.35999638	5.56407337
12.22328285	7.080425807
12.57379595	4.525626392
9.112708246	4.888772709
4.105152442	6.252974521
14.69077807	5.502677867
9.563170323	4.827590166
6.730393144	6.9958673
12.15731599	6.063165919
12.64059352	7.938130769
14.38876761	7.197378859
10.82153671	2.259261394
7.837110198	4.09972444
9.212844032	3.223177179
11.35052336	3.977360749
8.611860925	3.773406516
9.408146468	8.511911128
4.816132231	5.947387347
11.68833035	3.261977435
10.68604567	2.667403617
6.323312157	3.738717007
11.79867275	3.397783506
11.87493204	8.226564001
8.713490084	2.218709286
10.63874376	2.564953541
10.25787332	0.471952523
7.16034731	3.986809303
9.676228712	7.511327669
13.24668885	4.633440183
9.599139148	2.804540341
8.916391639	1.767853201
5.075794933	1.266414033
8.865152454	3.030683505
10.70243183	5.88686485
9.502153275	8.388387967
10.0944972	5.445533954
7.899090272	7.121102354
17.46421878	4.547591924
11.86432448	5.161355193
11.57765317	4.994756432
10.35126068	4.661545288
10.75074995	6.704654426
4.286262765	3.577004905
8.456931604	5.666230177
9.482282524	4.559179461
13.57022658	4.864656354
9.806689607	9.117369518
6.55359298	1.520459191
12.67351744	5.952650145
8.871936915	5.729004907
12.56703095	5.741524628
11.50143296	6.04804441
11.03013553	3.444457013
7.375182088	7.166068273
7.347887984	4.028485029
11.91649378	0.735547784
11.32823431	5.435828311
8.944992096	2.542128795
6.282856309	5.034967365
13.10787467	5.762180961
8.869567813	2.406061158
14.66353053	1.454215501
14.75674459	3.531518064
12.65744986	7.086357862
9.793436543	5.739569116
6.408183748	7.703680214
8.656560132	5.075541598
7.808952983	7.798912667
7.373497203	5.155604639
13.28576964	6.64518151
11.53538617	5.227038889
4.042238838	2.911326978
8.687836631	5.294511774
10.68383976	2.833971031
7.645185295	2.155220636
4.887581581	3.168315471
10.67115408	2.594651571
11.31442135	7.832004028
14.34055775	2.0046078
9.047767585	5.439706523
7.103891666	4.582486247
6.742594056	3.724074078
9.479917492	3.31110983
4.009560424	3.012693016
9.185883421	6.404639377
8.457352446	3.640261506
9.027479288	5.086952203
9.519775965	3.040622612
13.67028364	3.495582039
5.905366721	3.613198974
5.900647942	5.126774347
9.642582833	3.863658053
10.78724725	5.196900726
11.40031252	6.271014694
10.19136186	5.214415455
6.590604861	3.646310391
9.583908671	2.992106243
14.93375813	4.830345799
12.65419587	6.185279991
10.12390498	4.678705149
17.46524244	7.166804801
10.09762454	1.509011652
9.361137785	4.50514873
12.67513224	7.774545394
8.626782545	3.729915984
9.172787893	5.774080059
8.104215506	1.559961535
12.09733148	4.669191537
8.598422899	5.862849132
8.473573749	2.536602499
13.09548945	4.80836609
9.308985662	3.050000941
11.74099162	6.45535227
11.00851394	2.538198193
7.579643135	5.880865761
11.72977376	5.108639541
7.489325469	2.78768235
6.424544085	7.55741945
8.271351591	6.807440326
13.8378698	4.70887249
11.54139165	3.901710142
9.72977916	1.172652715
14.05095672	1.545092654
11.86694206	8.829533943
10.83402019	4.130240668
11.48527922	3.361358133
10.65146933	7.291907079
12.62022925	5.79647104
13.33925946	2.865555118
6.82622443	2.964593937
10.19450046	7.581921307
8.803184328	5.724875696
10.30828571	3.19369331
10.06994975	4.624654064
11.2436885	8.130815636
6.365379159	5.152066296
8.857033625	4.094098474
13.23813418	1.157849283
8.75756272	7.949801975
11.04937577	6.689531179
7.337498408	10.47238408
9.990663298	7.338525466
13.82150074	6.1247954
12.34041494	9.196434978
7.02408185	4.04768963
8.161629955	2.449630121
8.183132681	7.943241418
10.90615373	4.401958155
14.83231225	5.262059532
6.487204227	6.824205732
10.44621084	6.512376942
6.818177838	3.274882429
8.493212714	2.459045003
10.19291143	4.523006553
12.97336998	4.792702874
6.084315082	2.529227868
11.50732975	2.958860844
11.08582673	4.445699689
8.546742669	6.841950466
6.548803379	5.089473942
8.411521344	3.351649489
10.76685728	5.501540761
6.432787957	3.489416985
7.858215213	6.468009714
11.36048777	5.948941467
10.84083379	3.592004356
9.156952485	5.717882164
9.321127749	6.892674498
10.5072909	3.250665116
9.810306176	3.055598948
12.28592953	3.47651038
12.19243066	0.732043982
9.9256623	6.399707256
8.349860097	7.821685849
8.586463904	5.70132635
6.774194457	8.17580178
9.842401511	3.814161052
12.56408956	7.543132001
13.00983844	5.232703675
14.85446384	5.08607754
12.89002335	6.426173763
8.625442311	3.365601759
10.65631653	3.757745292
12.05064541	4.98293143
9.232397814	3.125165783
9.09944068	4.513057924
8.249116421	2.704996435
15.94851697	4.600783602
8.087675931	7.708388143
11.40271758	2.834129824
13.0776188	6.206986804
10.98601454	3.508218626
7.446813563	5.189728032
12.19563815	6.142953111
11.41497129	8.090641649
14.79618037	4.207610094
10.87214199	4.826443146
10.71860615	3.720683126
11.94654564	5.759258726
4.840137225	3.357310879
10.28445394	3.085029306
6.798911454	8.703940627
12.6625681	3.245535091
10.34143406	7.225138538
14.67537836	3.74759029
12.8840793	5.614045352
9.13686987	8.300069635
8.544075931	6.543171332
6.767690403	6.760351871
7.357349041	4.108278958
10.33880018	4.286021646
9.727816481	4.585308349
12.07469241	-0.770074003
12.70429004	6.291003012
4.196183837	5.745050743
10.50475823	5.70021704
8.776230427	7.616711714
11.71595653	7.384838274
16.32336162	0.76895096
10.33070653	1.685680616
4.102234199	7.320476538
9.146905304	2.504361893
6.507385041	7.364696341
11.95479872	4.436997814
12.06525689	4.015919023
13.37929704	5.102595242
12.51972322	3.438293997
11.93401495	5.448746023
15.30881112	6.210347983
12.13301186	4.509251591
8.672600259	5.470357509
8.229908529	6.688664932
6.289475669	5.850842448
9.870674648	6.806705538
14.27630446	4.898110018
7.734316628	3.61651337
14.73369602	6.337188307
11.45122691	6.265908579
9.409043925	5.728332292
9.495059739	9.430453771
7.218919056	0.326482939
9.14513829	5.067031974
12.42460615	0.382208936
10.84096583	4.504867558
4.830659508	8.207757425
8.703215359	4.923336302
11.71668988	7.990081836
10.83296396	6.426546608
10.79046749	9.746037046
10.71224103	3.027468371
13.17795763	3.631299392
14.75135929	1.544886079
9.871150633	5.118995567
9.379909193	3.248622239
10.81038741	4.719660433
8.729690981	4.600795003
11.8834599	4.543323822
9.680045134	4.935195268
2.619735845	4.758500237
14.70697207	8.570484278
8.075344578	5.573050118
7.991956019	6.247472961
11.35144149	5.91291858
11.62492325	6.489821951
6.981730846	4.862727957
10.93265563	6.727418048
11.07680957	7.518468378
14.77703646	2.735944071
6.387081285	5.957112966
9.080571297	6.828108815
8.242744826	6.382576795
8.038915999	4.447911471
13.60248364	4.480048068
9.915676936	4.558698861
6.420620826	6.667477755
12.23176047	6.048567692
8.610474475	5.096117946
12.52706813	6.237226076
6.533983281	4.322927096
5.430615484	4.343224788
14.37657189	7.710802432
10.54477688	3.69949506
13.3515347	3.170451403
12.29992955	3.787294028
11.01127091	4.21258735
7.954415786	6.550950477
11.76223855	5.187240187
6.976783889	4.974551081
8.93323193	8.593835769
8.014342692	3.253442396
10.76732683	2.224298194
10.44425558	1.218927205
9.303959293	7.920098175
9.436943038	4.34210315
3.741227948	7.796453835
6.281238837	2.991078259
14.62783094	5.969286571
10.8658082	7.59790529
8.548586957	8.308644247
6.636655067	4.864746585
8.717712315	3.578490808
4.985729541	8.339550995
12.20888079	4.597673144
5.734465243	5.025146435
9.752708668	5.583440939
13.98232874	5.51765514
11.65831471	3.832216717
9.123391704	1.719871515
7.20380372	5.012366049
9.583790728	7.740732272
3.864898236	3.364259334
14.17417838	5.12301495
10.61196975	5.664992614
7.443597164	3.51941677
10.55390846	6.67461314
7.106949875	8.6124852
12.80206171	4.415957362
17.35988978	4.903864458
12.158714	2.80758163
10.21710608	3.987764673
8.754116662	6.113897506
13.67298529	5.663769032
6.409717246	5.896126634
10.682421	6.671402565
13.45520195	6.95846831
9.35657187	7.557651697
11.98970487	4.602892747
4.476562084	4.469846051
10.64701658	4.004227417
15.52138277	5.265749041
10.21708842	2.915773561
11.66897812	1.590293797
8.148620499	2.344989446
10.16132963	4.72524486
8.759616542	3.456952484
7.536317762	11.00719647
13.80526009	3.977736595
13.10606145	5.579132004
10.044826	0.681502788
6.067486914	4.882380774
6.384920175	4.907372664
11.30343958	4.275498497
12.42527936	6.817803356
16.76286315	6.335996034
10.17245596	2.889185917
8.24112882	4.601977407
12.81292442	5.095157173
14.62165668	5.171810245
3.177499203	3.067532433
11.98252169	5.957725959
6.980740123	0.487502102
6.135764401	2.806444344
11.21455922	2.766266719
12.53023552	3.223105865
9.324818553	5.691886651
6.60795464	3.984305387
10.33990834	5.891313287
8.924875483	6.218825139
9.458325987	4.297569406
9.575559919	2.717934261
8.617485831	6.37363837
10.4367791	4.345578105
6.045530961	5.495575021
16.93584277	62.51179208
20.65135267	61.53912802
17.53319161	58.41462226
16.33790219	60.94816845
17.89810441	60.26438262
23.01761538	61.09506783
17.76990261	63.13191875
27.49629737	57.70972395
21.0365714	61.42580609
17.68889425	60.24712534
20.59804276	62.66609708
21.95095278	61.62046505
18.55204621	59.09205142
19.43593205	61.93938773
17.92308258	58.79649173
20.93637207	58.51990159
28.05870109	60.17498137
22.47649641	62.61927599
17.93858083	60.36705208
24.81824441	59.68026475
15.12911978	62.40523742
20.8161569	58.4826645
22.27559854	62.06041124
22.93991597	56.2276869
20.98044596	59.11051884
15.75733425	63.15467396
17.77056653	60.47969931
18.48878152	58.76164437
22.41206906	61.55311864
12.6855282	61.18875906
19.38499632	61.56659913
20.29802172	61.31044398
19.5129905	61.74041422
21.59780185	58.54470461
19.72936952	59.36820224
16.79511147	61.7086408
18.90638909	59.1420723
19.05222615	60.71823292
22.34142038	60.33027982
21.91691639	56.2296235
24.31154797	59.669009
23.80372799	61.56940083
18.389069	60.6192441
18.12338094	61.92599069
22.54301814	59.93478025
19.19637974	58.85520972
17.3976985	55.44310708
20.36314405	61.70923929
18.72921472	59.48533898
27.87846368	58.48581837
21.77922532	61.69777493
22.69129662	58.63526438
17.73153908	60.3063769
19.37237314	56.83403334
23.50796506	61.17442129
18.14071991	56.54875193
25.62044998	62.0893298
17.2779179	60.72571472
22.2868481	63.37926809
20.30740073	63.72411317
21.69460637	61.58641946
22.59099552	59.63796145
17.35317542	55.63550091
19.70195285	58.52528463
21.29134515	62.22731961
19.58314174	57.67078913
20.42973477	57.93279701
20.35802252	61.41776438
21.38923659	60.66290867
17.42122735	59.0149641
17.09560112	63.08858528
17.54486405	58.68045717
16.62464718	60.63829631
20.46844143	59.97259827
20.702509	58.87390749
16.92108399	62.79963243
22.95330651	56.42922388
19.96871124	60.80170171
16.96402837	59.84026167
17.88891738	61.20562811
17.81634678	61.28800688
16.48053845	61.20283456
21.89843979	61.063971
23.22189886	60.05908042
14.82991664	60.37936421
22.03532839	56.5110487
15.35161011	58.10521948
18.42930821	61.42551681
17.12060607	64.45079438
19.66685114	58.7860426
17.69309939	60.37106104
13.00361711	59.21366751
21.21326365	61.07171919
20.80433917	55.91566294
18.41529764	58.20859065
19.78134131	63.17693637
21.63540685	60.05357391
20.51436152	60.18009041
18.72067492	63.11399747
18.45083245	61.29322359
21.86257149	60.52226233
20.35796937	61.38419003
21.36756975	59.42265117
20.1802414	58.82448341
18.33509817	59.94750108
18.35259214	59.73197881
22.3481101	59.05285162
20.2973154	58.6051501
23.97787773	57.02253443
19.9870444	60.40695376
22.60468256	61.21798697
19.53329743	60.15481184
16.6876852	59.57259824
18.46544838	62.00257218
23.47930733	62.69104403
17.78653161	60.97585609
23.9648199	61.36121569
20.85027156	62.59841348
21.79849861	58.89184336
19.77213481	62.59335116
18.78163558	57.22469593
19.60549359	59.25696126
17.09532948	61.71149966
18.22863597	59.62306265
15.97836372	61.71392931
16.04814764	60.72684607
18.5071878	59.791967
16.66790247	57.76065428
18.34524298	60.85448477
22.93324241	60.1438138
13.59619803	57.6712956
15.70701195	58.19434868
25.03213706	62.43957333
19.01202172	59.48451064
20.08892239	60.23358861
23.08682263	60.18063214
17.79739758	62.49839927
25.65819163	60.16877302
21.0959653	64.34131507
17.99797668	57.57817394
18.28111141	59.83846247
26.13090672	61.31997587
21.45708242	59.01413581
18.81157407	60.0252929
15.94856708	59.53949414
22.68880448	61.78111414
21.1989966	61.17554032
23.80707281	60.17751124
21.72644851	62.95183524
29.01372264	58.61872161
24.06378106	63.32451678
19.54657435	58.17946221
19.81918982	59.1704672
18.90358134	59.25514907
20.95951067	62.27115373
19.95848593	60.73968493
22.95833898	62.47693445
18.70372573	60.9045459
21.96296389	62.29954959
21.2309254	58.99454161
20.75258221	63.07343086
22.66660576	57.42144027
22.19936825	60.11118427
16.27943141	59.07195482
20.81764714	61.74291096
21.40645332	62.28890197
24.17477058	60.59936536
21.94873331	60.38695073
18.66634668	62.6993656
22.45429937	57.78166003
18.01418658	59.66457749
20.73131014	59.61113079
24.19938174	63.57167184
14.23345028	60.71385634
21.58013105	60.94547595
18.99248418	61.67490933
22.94940377	58.47446193
16.63195705	59.04523296
20.21488685	58.57246778
26.85180903	59.03210743
20.15021354	60.74741319
16.79848951	58.12356382
22.2826302	54.64156177
15.18190779	57.76256252
19.61130111	61.00086331
21.42318647	61.79646606
25.17698806	63.40195913
16.77664202	62.60205991
21.38094177	56.9660381
17.33643755	56.66055177
17.01010096	60.17756826
19.07438818	62.07917903
22.84845377	59.69595134
23.7501316	59.5994984
18.96705886	62.43889105
19.78281332	61.7062117
18.85588881	59.32347584
18.05444066	58.87527659
16.66962955	58.71787338
23.81419769	61.35026514
20.24465348	62.01458525
21.52056529	63.51558038
17.9244996	56.91470839
22.45333339	62.29054211
13.81844443	59.35964493
19.38510362	58.98727945
16.32979124	58.04922311
16.78645651	58.22233871
23.86238861	57.28787868
19.23016978	59.62828942
20.62969073	60.27830525
23.79665153	58.01030017
23.03504304	57.35534001
22.77317122	60.03205318
16.2260716	59.9073416
19.31999073	56.05626981
21.44933668	56.17728485
17.96033286	58.20269896
16.477332	61.31853833
16.8874703	57.05090983
21.78688535	60.93950708
21.28401772	59.99851515
22.0332925	59.08463053
22.3972215	59.77739892
16.1831392	59.35986416
18.83234828	57.64428164
19.16598692	59.2473187
20.77704156	57.10553207
26.13432852	56.4538251
13.92017112	56.85275759
27.41215922	60.36685672
20.9371844	59.87568768
19.44526453	55.76476768
15.63342453	59.33540177
21.72891524	60.49556418
19.43351136	59.02013827
16.05364343	57.19529005
18.2960721	60.62044083
18.13946808	62.27047439
19.03668569	55.86669303
15.76679915	62.92077979
18.15578555	60.92728668
23.36125181	56.29115207
23.36957332	56.79259367
21.73862114	61.56021618
24.2419784	59.72312445
20.43587092	60.55879898
16.80325061	61.02601157
19.62323753	59.60561984
21.66755942	58.71112041
26.70371949	65.3706774
21.2848042	61.41910835
20.71764883	57.19187529
21.48225653	58.18040204
18.93918706	61.22054913
25.4867552	60.39879341
20.4721009	60.2577094
17.4500717	59.64454259
18.92985464	61.48721615
26.16329007	58.50195287
18.73064963	61.8031055
20.693142	57.84327614
19.70797017	56.81780628
20.02891342	61.86819186
20.332759	60.34595307
20.79083458	58.39933371
23.01053426	60.36938932
22.04282745	60.65484395
21.19235725	60.90431821
22.81254691	58.52964873
21.30647327	58.92862502
22.81015446	59.23438701
15.50447112	57.66380788
17.89969098	60.75326714
16.35068357	60.66925216
15.68265387	58.03850107
20.46577662	58.54278752
25.1487481	59.58058369
23.66292431	59.59006497
19.62269442	60.42782254
19.66404367	61.77445677
22.2828702	60.65084014
20.60617425	61.22378482
14.18531656	59.18890327
19.63586647	57.89810088
21.82010175	55.10144986
17.67998501	61.01553098
21.77333212	57.62937882
21.77088596	60.22067053
22.83878834	60.43094688
19.98075253	59.60062501
18.75662546	62.04864077
25.96424877	63.02505736
23.1831947	60.39351329
21.17584107	58.71938464
23.37622733	59.25972683
22.95375923	59.06455831
19.61255322	62.60611716
21.3390193	64.47654845
18.16418635	58.83208327
20.17078349	60.3061898
21.38251405	62.10300715
23.29454436	58.12270065
23.70455788	60.43152988
19.21653859	58.96314049
17.22096934	58.06406613
16.74162437	58.40891993
21.35976826	60.75568104
21.07247848	63.94278276
19.23268783	60.48054702
19.4917301	61.32582509
15.54501292	61.42393222
16.81486169	61.39218583
15.42175864	62.9615543
20.38886414	58.77240914
19.06186732	59.02735991
22.54244627	58.90507838
20.44066468	57.73549001
25.67887497	57.17435814
16.53800962	59.85890176
19.51037937	59.50778292
20.98535956	57.5520985
18.43193029	56.86389891
18.60901135	57.7325843
26.24556564	60.24867653
26.08639049	63.22732817
19.95261766	61.3933786
22.94581361	59.07459147
16.84486669	60.35896062
17.69241699	60.90609753
23.9106589	61.2082209
20.1104382	58.86079687
17.31224158	60.2020869
21.3444202	63.19920899
20.81183813	59.08045237
17.60205634	59.27415486
17.83203644	59.71187068
15.23983848	58.36040656
19.81540068	58.84701585
19.70387628	59.26955534
22.79512184	61.23073691
19.9191033	65.12534569
20.13897557	60.88278833
15.26273639	57.78738125
17.78840994	62.1268163
20.05488995	57.0448466
21.32206854	60.60190215
21.80934296	62.99375971
22.1019617	59.54127081
24.30149725	59.667609
21.18424923	61.883185
15.95032806	59.49485739
16.25588858	60.4234024
20.80800471	60.59116474
20.52489079	61.56105225
18.75397112	63.11765519
21.82387563	62.22636389
16.22162253	63.34903411
21.70992423	61.72645867
22.05707152	60.8572235
27.90612213	59.70847195
20.21261148	58.83156299
20.49007173	63.13983551
18.00731677	56.84671648
22.4733435	55.7860669
21.72863241	61.76200551
22.5092189	60.28385336
17.0041339	60.3488625
15.3572496	55.88929465
17.71118798	61.02013185
25.44485786	62.8409505
17.99605869	60.72243195
23.76353096	60.82977953
16.85315324	62.35802474
16.27238639	63.71776554
19.01983675	59.28672871
19.84038867	62.54641541
22.10199063	56.92736609
14.46545324	57.78254721
17.70750254	60.32355875
10.35652707	59.86307939
22.32474903	61.39878512
21.49895656	60.1955828
22.60857807	59.90009284
13.79547495	60.05490738
18.00469448	63.04684003
15.38900599	58.52560925
23.44233884	59.56175299
20.20447608	61.92220122
22.4589875	59.59027957
24.46261533	58.58202252
18.55353684	59.92739221
20.27606723	59.46312291
17.58951484	62.31784456
22.86580804	56.41625564
21.8351437	60.70751825
21.11870572	61.5022814
26.72822837	60.05461543
22.21780361	59.02363785
17.98077943	60.97460995
23.70452223	58.08584176
19.2276555	60.88818015
23.85766737	64.92603067
16.68263292	57.2522438
18.49499923	59.62166175
25.59079331	58.39960816
19.35043758	58.77470595
22.60769701	60.06105277
19.07321323	61.92929319
23.61955986	61.60522781
24.0781289	60.75294645
20.53574203	57.79994854
21.05548978	59.08691466
19.27011473	61.82520799
22.07932282	60.1957322
19.52523794	58.60365908
21.25767716	61.65512423
19.2232546	59.36200997
16.83165305	62.17605807
20.91964242	62.25158038
26.58165802	62.75000543
23.10494309	54.04255557
17.00966111	57.85627292
19.55345471	57.98407924
23.4238938	59.87458963
22.69701062	61.22682425
18.13849008	58.44987402
19.36533655	61.44900731
22.05705609	57.75749905
23.67472723	58.48269508
18.79745082	60.35576922
18.98903182	61.81199529
22.09862954	62.05914732
21.43870164	60.19189929
19.81371176	63.5453884
18.96510852	59.80275946
18.38906052	61.72348861
13.43121169	61.47285254
23.61196356	62.82980453
21.10241042	57.8915287
21.30427198	58.91156969
20.95170344	58.62113121
20.49007833	56.94188555
16.32367291	58.11233166
14.02594339	61.25168383
19.71851391	60.50789736
16.32651927	60.86004053
20.41730618	59.38130441
22.0285456	57.44114385
21.1202103	59.34796817
18.84375598	59.11925863
19.16530247	58.04234864
23.35522369	58.90284775
17.22494194	56.26677042
23.66041087	59.31529136
22.40284749	64.21023106
19.47141664	59.2399884
18.216511	57.37639807
21.96518988	61.19774041
15.81215352	60.78995926
17.70547115	59.89367062
22.84422908	59.82574542
19.00864734	60.09008523
17.84671082	58.27457907
21.04785802	60.08060793
17.8472457	60.68540272
22.04547828	59.48784943
21.45337023	60.3233513
22.53922407	60.99479575
22.63771574	61.39907649
14.36589607	57.99628679
19.16994823	56.60106919
19.17755667	59.66381527
18.06261358	59.6996505
23.58929026	61.07954614
22.84322764	56.24175094
24.15709265	61.25747174
17.92378766	60.32282658
24.12742109	59.9875321
22.54928632	55.66809462
17.66446183	61.49959805
20.59391082	60.71723629
21.09503167	59.46286847
22.91886329	56.50608827
18.51403809	62.88720576
15.77711605	60.89438768
18.0907778	57.29462984
17.96445431	62.74667691
15.22399469	60.75197338
18.44688071	60.57150012
15.35601216	60.56197224
20.86137616	60.15660947
18.07747591	60.63829411
18.94998357	60.82149274
19.67711733	63.82715409
25.03760114	59.78864638
20.09606304	59.00961517
21.95028927	57.23641962
23.42075978	61.46126904
21.92191268	59.14674531
19.54883568	58.96264512
19.43125268	56.87146287
20.30813062	57.80966907
20.72208261	60.15338946
24.0835993	59.89628257
25.44232453	58.32835575
15.92918957	64.33486072
24.06310282	59.39693487
19.40705776	60.96004423
15.67256843	61.25915796
18.57240236	58.71113512
17.82885188	59.53325627
20.81398692	56.17829547
20.06705186	61.98093786
18.78602782	62.12547817
24.86421905	60.32439814
21.24620423	56.0790194
19.83055531	59.89337162
17.2962044	61.68886671
20.00782092	62.53187039
20.58602055	59.59113547
17.53352015	62.10121634
15.5043353	61.11022161
22.32629781	60.14890424
21.95030847	57.79543944
17.89308386	59.54293278
21.16991336	58.78804341
21.46741737	60.49472642
19.09255025	59.34013939
16.75200146	56.29507763
17.50691512	57.83352678
15.58658367	59.13914069
18.18292694	60.00821233
15.24739564	57.88968432
21.01756015	57.8450797
17.4394685	60.36964706
21.75444856	61.32714093
19.11413671	59.97351579
19.15269877	61.82840617
13.62852853	61.98221586
17.40521959	60.94012334
21.36102314	61.27894581
18.97466705	57.89499508
25.27414592	59.39369235
18.43640195	60.37409301
23.7516737	60.09769033
24.15490325	60.23861228
17.56005317	59.90292708
24.24772976	57.67319048
22.13430039	60.53997911
22.35873849	58.03749573
22.04512829	59.98630278
17.50318207	60.56882813
14.44157949	60.90097794
18.26945943	61.77172715
18.16829763	61.01685425
23.2299388	57.71093854
21.54538376	57.71667964
22.03932816	60.24394341
18.97486951	62.51179302
22.29349082	59.09499554
19.99968215	61.04583328
18.92764836	59.85305797
15.39631407	63.96509035
